131.327 155.005
131.04 178.563
155.069 190.921
181.206 199.19
206.391 187.788
228.828 173.039
226.632 149.808
97.867 222.605
131.719 219.286
164.487 216.832
183.281 217.755
201.514 213.569
235.5 210.85
275.652 210.215
258.124 245.236
234.13 271.055
206.558 281.314
172.608 281.893
143.227 271.652
118.57 251.626
111.134 226.079
149.891 227.013
183.03 230.068
220.073 224.537
263.94 216.197
223.71 247.919
185.638 256.087
146.939 251.937
217.294 78.8365
230.65 68.0546
242.648 59.2293
256.231 57.2174
267.612 58.5487
282.092 63.0286
270.626 68.7696
258.059 71.7155
247.173 73.7173
234.634 75.5257
129.687 83.0974
113.196 73.9586
100.075 66.9174
86.2969 67.6228
74.3621 71.3241
60.0992 77.5429
72.8745 81.8311
86.4736 82.8519
97.4064 82.7961
110.206 82.1683
206.966 45.3754
234.579 25.0924
281.94 17.2932
316.526 35.4909
288.197 34.2294
243.039 42.474
132.036 48.735
100.476 32.0165
53.2273 30.9167
20.5656 51.7816
50.6728 48.046
95.9852 51.3715
