122.909 150.934
119.75 165.384
135.33 173.062
151.391 178.491
167.808 177.525
184.256 173.746
185.171 159.244
86.3467 208.153
109.39 195.755
135.179 191.535
150.175 194.873
165.584 194.626
189.712 205.209
209.034 221.922
195.338 240.036
178.334 252.694
157.975 256.26
132.971 252.904
113.11 243.26
98.2955 229.313
91.194 210.119
122.07 203.948
148.586 208.104
175.26 211.671
203.628 222.366
173.751 238.129
147.286 237.654
118.831 231.566
189.02 121.083
202.492 116.638
213.586 113.491
224.582 116.089
233.127 120.409
242.703 125.548
231.759 126.647
220.839 125.573
211.923 124.277
201.656 122.853
132.296 116.81
121.979 109.539
112.956 102.623
102.389 101.008
92.6912 102.315
81.1244 105.922
89.539 110.936
99.9437 113.145
108.263 114.814
118.128 115.88
192.318 89.3343
213.29 78.1301
243.875 80.2555
262.047 97.4052
244.117 91.0074
216.828 92.0465
139.701 83.1775
120.688 66.847
90.2833 61.4241
66.1329 73.7335
86.0959 72.58
114.177 80.4408
