118.747 205.068
116.617 227.942
137.534 234.349
159.544 237.2
181.168 237.172
203.828 232.854
205.995 210.066
111.993 292.542
126.72 272.525
149.681 258.628
161.846 262.715
173.455 258.974
194.27 274.256
203.478 296.455
193.631 315.208
181.772 331.094
167.507 337.075
147.086 335.174
131.537 325.18
121.147 310.412
127.019 292.922
140.408 293.284
157.449 294.278
176.316 295.533
190.389 295.492
176.129 292.915
159.228 294.897
139.752 292.402
203.068 144.717
219.45 136.667
234.775 131.788
249.538 134.497
261.274 140.616
271.901 147.803
259.84 150.909
246.005 150.748
233.816 149.166
220.029 146.684
119.88 138.12
103.14 128.625
87.9608 122.378
72.6971 124.263
59.2306 129.157
45.7489 135.016
59.2412 139.473
74.8985 140.163
87.336 139.685
100.894 138.401
190.997 86.7626
217.069 71.0389
256.706 70.2195
285.338 93.2372
260.243 82.3934
226.034 87.1011
134.621 82.5029
104.977 64.5971
60.7946 62.7437
27.5046 87.1577
56.05 76.3329
95.5602 81.2908
