78.9566 95.1467
78.1713 106.655
89.1845 108.334
99.4907 108.731
109.442 107.162
120.349 104.504
118.77 92.9934
66.0343 140.94
76.8485 126.168
93.4622 120.148
102.558 121.406
111.593 120.019
128.9 127.099
139.164 142.955
134.572 161.003
125.425 176.762
111.667 184.837
92.9758 184.156
78.7033 174.944
70.1711 159.768
70.8264 141.917
85.8699 128.67
102.42 128.979
119.848 130.161
135.51 143.95
121.412 167.026
103.12 172.24
83.7644 166.626
118.566 63.6432
124.728 56.4267
131.964 51.258
139.421 51.8115
145.515 55.853
150.582 61.8586
144.909 63.1903
138.704 63.6193
132.814 63.8955
126.067 63.9575
79.1339 66.5536
73.1868 60.1441
66.2191 55.5921
59.3804 56.4257
53.8597 60.2172
48.7271 65.8876
54.5195 67.2875
61.2052 67.2261
66.1925 67.0865
71.7461 66.9147
112.46 34.7741
125.057 27.0015
144.34 28.9417
158.139 43.7739
145.392 36.7939
129.665 36.8997
82.4443 39.0588
69.7558 32.7157
51.6637 35.8471
39.4359 49.7072
49.6266 44.5884
64.7522 42.9646
