64.5536 116.36
63.5092 127.228
74.2003 129.159
84.3497 129.651
94.2691 128.081
104.912 125.278
103.451 114.449
51.1964 162.653
60.8478 147.712
78.1136 141.027
86.9488 142.113
95.6376 140.734
113.592 147.988
123.886 164.108
119.217 181.109
110.07 195.713
96.6944 202.981
78.5702 202.506
64.2988 194.224
55.3869 180.269
55.6922 163.376
70.1713 149.927
87.0283 149.994
104.455 151.25
120.071 164.846
105.839 186.468
88.2202 190.563
69.0363 185.573
103.513 84.6118
109.562 77.5483
116.649 72.4414
123.892 72.9087
129.792 76.8197
134.785 82.6724
129.393 84.0487
123.352 84.5427
117.481 84.7781
110.822 84.7978
64.0022 87.4336
57.9786 81.2716
51.3576 76.6589
44.5857 77.3337
39.0526 81.0652
33.985 86.7697
39.4265 88.4944
46.0843 88.5457
51.1264 88.3434
56.5961 87.9911
97.2482 56.0247
109.342 48.1673
128.801 50.1235
142.295 64.5264
130.267 57.6719
114.263 57.6855
66.5061 59.9119
54.1198 53.6608
36.097 57.2982
23.9164 71.1506
34.0986 65.5438
49.0722 63.5402
