73.845 120.582
72.6447 132.747
82.5934 138.411
94.3076 141.827
106.079 138.593
116.591 133.178
115.776 120.954
67.6023 167.3
74.0369 160.248
87.4222 156.204
94.9924 157.808
102.284 155.322
115.414 158.265
127.128 166.029
119.414 182.356
113.481 197.842
104.285 206.651
88.9922 206.361
79.3141 196.968
74.3857 183.233
73.7875 168.647
83.6352 164.348
95.5873 165.501
109.395 164.802
123.293 168.063
110.407 183.434
96.6031 189.858
82.1588 183.918
117.829 80.8156
124.316 75.0112
133.212 71.6042
141.001 72.4128
147.734 74.5258
156.018 78.0069
148.589 80.9149
141.208 82.118
134.237 82.0283
126.7 81.1734
76.7452 79.7864
69.8155 74.516
62.1337 71.0932
55.3356 71.6712
49.1858 73.3678
42.0568 76.1762
48.1697 79.416
55.249 80.6428
61.0332 80.6964
67.3959 79.9648
110.566 70.0316
125.417 61.9833
146.192 55.5868
165.904 60.6551
148.965 61.83
129.694 68.982
82.5918 68.7853
68.1899 60.3383
48.6185 53.5196
30.0596 57.8202
45.4095 60.43
63.7621 67.9355
