65.017 104.176
64.3949 116.111
78.3365 118.377
91.5787 118.6
103.864 117.058
115.798 113.783
113.535 102.402
57.8886 149.735
68.1014 140.373
81.4509 132.746
90.3446 132.96
99.0411 130.901
115.808 135.885
125.594 146.096
119.641 154.47
110.131 161.796
98.9674 164.12
86.4088 163.951
75.4946 160.78
67.0782 156.577
68.5265 148.219
79.3368 143.793
91.4333 142.694
104.106 142.13
115.289 144.261
103.897 144.675
92.5694 146.109
79.4858 146.928
106.704 71.6831
114.089 68.187
122.196 65.5231
130.189 66.4374
136.576 68.8967
144.028 72.5189
136.354 74.2106
128.134 74.1438
121.724 73.5077
114.865 72.7158
67.8605 72.4258
58.4948 68.7566
50.1588 65.9314
42.0111 67.0925
35.0515 69.7664
27.6102 72.9572
35.0353 74.6314
43.2307 74.8904
49.8023 74.5127
57.309 73.5945
105.748 46.3186
120.034 37.7
143.653 38.2899
159.828 53.0172
145.554 46.0668
125.08 47.1622
71.846 42.3609
55.0932 33.6781
29.3626 35.8217
11.8219 52.8382
28.9282 44.2814
51.7339 44.4666
