434.574 546.847
443.759 624.429
525.712 654.906
606.877 675.365
685.065 649.889
763.199 613.465
769.053 537.346
305.206 845.166
404.714 767.784
530.928 740.091
605.846 745.522
679.031 733.226
812.011 752.842
915.186 826.132
867.473 966.977
784.654 1072.07
679.912 1116.02
560.311 1118.11
451.31 1076.82
367.546 987.119
345.277 851.874
481.232 805.624
610.362 811.381
746.152 802.158
878.079 834.954
751.825 959.26
618.295 993.884
476.337 972.104
734.228 339.46
793.738 330.506
839.726 324.942
880.016 333.631
914.27 339.478
960.259 343.056
912.416 342.424
868.53 335.905
833.83 332.756
789.465 334.013
464.121 345.944
396.654 337.807
350.009 334.628
308.916 348.019
273.85 357.526
228.199 363.029
278.013 362.152
325.703 353.145
358.493 347.766
400.874 345.211
696.389 232.286
777.957 159.256
926.869 132.297
1044.98 198.895
953.455 180.111
817.314 209.582
510.829 238.581
421.446 172.225
266.769 156.852
143.498 222.031
242.092 207.711
387.631 229.129
