111.981 137.429
110.949 155.351
125.636 158.806
140.508 159.043
155.888 157.05
171.07 151.974
168.733 134.329
101.277 217.626
112.591 190.466
130.463 176.882
142.34 179.879
154.775 177.051
173.597 192.652
188.131 220.565
179.446 240.601
169.395 256.397
153.971 265.193
131.546 264.509
115.613 253.931
107.457 238.68
112.234 219.431
127.735 196.768
142.95 195.835
160.522 199.552
179.784 220.272
162.462 236.943
146.319 240.316
128.766 237.389
172.512 85.3213
183.215 75.257
195.031 67.3451
208.263 67.3494
219.208 72.076
228.951 79.8365
219.853 84.9938
208.194 87.1984
197.354 87.2131
185.774 86.0319
112.813 86.9877
101.78 76.0019
88.5543 68.5241
75.67 69.9505
65.0018 75.9604
55.6319 84.2789
65.3439 88.341
76.5678 89.8732
86.9452 89.7649
98.4588 88.2675
168.144 51.0435
191.561 36.6429
225.432 33.994
247.863 56.3187
225.806 45.35
196.759 50.2021
116.246 52.1979
94.3171 38.1767
62.6479 35.7008
40.1007 57.0461
59.8168 48.5255
87.0711 51.974
