107.967 163.614
107.321 181.23
122.185 185.218
137.056 185.173
152.339 183.688
167.446 178.294
165.143 160.767
97.5611 243.281
107.677 216.727
125.415 203.593
137.991 206.327
151.072 203.999
170.209 219.666
183.841 246.67
175.156 264.623
163.128 276.272
147.714 280.628
128.091 278.915
113.588 271.033
104.676 260.281
107.915 244.179
122.72 224.05
138.684 223.414
157.375 227.53
175.562 245.781
158.613 258.232
141.851 259.841
123.713 257.253
168.354 111.076
179.185 101.244
190.673 93.4482
204.225 93.4906
215.08 98.2568
224.696 105.982
215.531 111.068
203.959 113.147
193.184 113.099
181.664 111.88
108.686 113.044
98.033 102.951
85.6826 95.7963
72.9225 96.9447
62.7786 102.5
53.5532 110.423
63.4742 114.711
74.7138 116.023
84.4961 115.752
94.9327 114.323
164.628 77.135
187.18 62.6803
221.767 60.1053
243.848 80.7675
221.457 70.9392
191.108 76.0961
111.745 78.531
89.8637 64.1678
56.9822 61.9928
35.2799 82.3032
54.9684 74.2903
83.7609 77.8873
