299.115 168.402
299.294 175.745
305.464 178.513
312.254 180.009
318.72 177.661
324.291 174.068
323.431 166.743
292.938 195.87
298.183 189.074
305.829 187.417
312.78 188.067
319.529 186.97
327.391 188.533
331.443 196.708
328.903 204.495
323.145 210.426
315.955 212.461
307.225 212.166
299.996 209.229
295.01 203.903
296.615 196.551
303.583 192.199
312.203 192.808
321.704 192.295
328.534 197.118
322.035 205.173
312.752 207.138
302.873 205.311
322.01 150.128
326.728 148.491
331.161 147.173
335.419 147.574
339.089 148.268
343.507 149.221
339.116 149.024
335.219 148.693
331.55 148.637
327.029 148.949
297.19 151.399
291.581 149.721
287.018 148.453
282.527 149.334
278.703 150.516
274.352 151.825
279.223 151.528
283.881 150.83
287.324 150.443
291.327 150.503
319.584 143.891
328.273 138.271
341.481 135.836
351.721 141.933
343.68 140.606
332.04 142.828
298.674 144.051
289.06 139.585
275.661 138.797
265.686 146.024
274.444 143.679
286.692 144.499
