80.331 79.2066
81.1024 90.5288
92.8823 89.5171
103.747 87.7752
112.853 84.9896
120.951 81.6532
116.896 70.8458
79.0923 118.634
85.685 102.449
100.429 93.7935
107.458 94.2983
113.598 91.3537
126.967 96.2789
134.062 109.81
128.368 115.844
121.666 121.648
113.663 123.836
103.593 124.335
94.7346 122.645
87.5765 120.569
87.8571 114.557
95.4069 105.457
107.086 103.742
119.024 103.002
127.916 106.921
118.7 108.821
108.858 110.422
96.5135 112.224
107.096 53.8313
114.115 51.6441
120.185 49.1981
126.624 48.7456
132.708 49.0227
139.495 49.5458
134.047 50.1981
127.678 50.4025
121.942 51.0403
114.996 52.1275
74.2783 60.1685
64.075 59.9815
56.2255 60.2231
49.043 63.2836
42.7058 66.2482
35.7656 68.5144
44.325 66.8375
52.7055 64.2719
58.7956 62.3317
65.4912 60.9553
101.747 30.9306
111.688 22.8258
127.159 20.652
141.896 32.9305
131.156 27.5494
118.835 30.3936
73.5454 37.0995
57.6569 33.1506
38.1619 38.7072
23.391 55.7298
36.8305 46.8883
53.2446 42.7562
