77.1552 128.174
76.8755 142.156
84.2974 147.145
94.2875 146.288
107.99 143.022
123.036 136.823
120.608 121.561
87.9327 202.002
87.3635 184.032
95.6472 172.096
103.109 170.882
110.964 167.338
132.413 173.391
146.204 188.809
140.019 199.524
131.35 210.88
121.48 219.094
106.978 223.118
95.9001 221.519
89.2822 214.613
93.7631 198.413
98.6385 181.19
109.348 176.154
123.859 174.832
138.729 187.301
125.061 201.169
112.273 207.812
100.558 208.661
130.576 85.346
135.407 73.5249
145.076 63.6855
156.501 62.2001
166.715 66.1265
178.228 73.7028
169.986 77.862
161.463 81.0675
152.18 83.085
141.96 84.085
86.537 92.3333
79.5277 84.855
71.7756 79.3343
63.8237 80.9789
58.8694 86.9202
57.0967 95.3628
60.2313 100.516
67.0554 101.943
73.2258 100.729
79.46 97.7534
111.898 56.2656
135.936 41.6166
171.747 37.3117
200.44 53.905
173.157 46.7428
140.226 52.5912
75.8853 63.5347
65.1209 55.6059
50.592 55.3617
43.9749 69.4095
49.1119 64.2899
60.4943 64.251
