98.563 170.462
98.8981 188.337
114.279 196.524
131.199 199.051
148.584 194.564
164.956 186.008
163.858 167.62
95.2591 238.099
106.973 226.612
121.436 219.117
135.053 221.014
148.579 217.479
166.755 223.38
183.976 232.643
175.2 244.324
162.893 254.539
148.961 259.326
129.74 260.414
114.626 256.98
103.471 250.416
103.03 237.699
119.796 234.685
136.786 234.542
156.015 233.569
175.49 233.42
155.97 234.313
138.047 236.173
119.691 237.104
163.768 103.017
171.793 89.4448
183.473 78.7232
197.931 75.9634
210.596 78.7831
224.219 86.0194
215.691 95.5627
204.391 101.311
192.021 103.521
178.679 102.967
95.5916 106.374
84.7069 94.7789
73.0836 85.9005
58.9937 85.5345
47.6357 90.4371
37.5524 98.9972
45.0031 107.578
56.5386 111.569
68.0882 111.746
80.2767 109.044
147.949 67.2266
174.321 48.2733
218.209 39.7584
248.622 57.2967
220.159 55.061
178.981 65.2427
103.003 74.1886
82.3848 59.0784
48.7392 54.3263
28.2241 69.1954
46.7366 69.3248
78.0968 75.1931
