332.12 538.014
333.251 582.413
372.562 600.421
416.146 605.599
458.318 587.099
496.208 558.089
487.369 513.81
320.803 699.482
356.749 683.377
400.591 668.265
424.988 669.809
447.115 658.04
502.176 659.599
554.974 663.786
530.792 697.646
502.545 731.227
472.384 748.328
426.736 753.458
389.474 744.236
356.061 726.08
349.849 697.444
391.861 694.548
432.102 694.277
477.48 685.459
526.889 669.801
479.815 682.173
436.629 695.477
389.804 696.378
471.4 366.79
494.347 339.798
518.634 316.533
549.148 308.927
575.701 311.638
605.284 320.597
585.427 337.385
560.74 348.758
535.677 355.368
507.152 359.108
320.558 393.463
293.657 372.503
264.825 357.156
234.676 359.427
210.61 370.08
183.7 386.037
209.606 396.908
237.979 400.076
260.999 398.425
285.239 394.394
445.43 290.274
501.065 241.514
598.719 211.539
677.783 242.205
611.79 242.831
520.337 273.281
314.317 320.564
255.551 289.219
165.154 285.024
104.577 328.105
156.213 320.592
241.03 324.598
