182.89 228.693
185.12 254.592
215.654 258.415
243.034 257.405
266.349 250.107
289.256 238.709
284.047 213.956
169.879 329.303
200.906 314.805
232.172 298.174
250.096 297.17
264.979 290.111
289.16 294.681
313.608 302.774
300.292 325.029
285.559 346.495
267.722 359.329
240.9 364.774
215.891 362.249
192.824 351.162
179.797 327.457
214.775 315.187
245.49 310.249
275.443 304.921
306.031 304.764
279.222 323.917
249.601 334.903
214.381 337.723
271.573 139.629
282.588 124.056
298.17 112.602
315.569 110.659
329.835 115.319
344.886 124.508
333.363 133.702
319.141 138.964
304.939 141.07
289.057 140.656
171.63 151.765
157.062 138.398
139.704 129.611
121.4 131.93
106.969 139.344
91.0835 149.636
105.448 157.512
122.487 160.663
136.707 160.04
152.084 156.382
262.091 74.5003
287.481 49.8127
335.837 40.6176
370.482 66.0081
340.104 58.2969
296.782 70.2608
177.182 85.392
140.567 67.0121
84.9873 70.756
50.6963 102.53
83.4949 91.7664
134.816 91.6298
