94.0603 122.032
96.7773 136.166
113.548 141.418
130.835 143.926
143.758 137.016
152.64 126.284
150.063 113.357
74.4162 166.438
95.6103 159.587
115.909 153.771
127.208 151.94
135.449 147.582
148.191 144.021
160.076 143.368
156.764 160.527
149.093 175.972
137.767 183.799
119.76 186.382
103.315 183.541
88.3076 177.823
79.3504 166.006
106.123 161.08
126.486 159.242
140.573 154.49
154.728 148.676
143.271 165.483
129.18 172.889
105.858 174.658
137.047 66.9154
142.904 57.3714
149.887 48.7734
159.282 45.7549
166.883 46.8451
174.735 51.2123
170.351 57.7877
163.456 62.0643
155.768 64.552
146.893 65.8106
89.8244 76.957
80.1099 70.7404
71.0196 65.7952
60.4214 67.5169
52.0358 71.8056
42.7952 77.8319
51.3496 81.6398
61.4476 82.3695
69.6606 81.473
78.1318 79.4285
133.246 41.0774
145.016 27.5479
167.669 17.7872
185.092 23.698
171.42 25.8669
150.78 36.5284
96.4377 49.1873
72.6305 42.226
39.9087 46.3101
18.5089 61.7441
40.7266 56.7488
72.3124 55.1423
