72.1076 248.559
73.9958 272.665
89.7527 284.786
111.439 288.471
139.563 282.394
169.685 273.644
170.158 246.3
92.3745 330.143
105.901 326.05
114.893 324.804
128.31 328.368
145.297 323.817
183.85 328.475
228.55 333.499
204.226 352.055
181.793 370.034
160.601 379.115
131.51 378.939
113.154 367.324
103.417 351.131
106.033 334.783
120.92 341.665
137.248 344.525
167.466 343.665
209.632 337.619
167.023 342.596
138.607 344.513
118.388 342.242
180.553 151.766
197.17 135.3
214.036 122.312
233.327 122.82
250.166 128.669
269.386 137.773
254.062 145.81
237.484 150.386
221.318 152.385
203.307 151.742
100.688 149.477
86.1249 137.023
73.053 125.587
58.7556 125.195
47.5452 130.318
38.3708 139.216
44.5297 149.639
57.2897 153.987
68.5764 154.353
81.8104 152.085
138.847 105.284
180.076 78.4907
250.841 69.1005
310.632 96.8128
258.755 91.1768
193.202 102.584
84.1577 111.858
64.0451 94.3911
36.7 85.7174
21.355 100.352
32.4411 104.288
55.1372 112.767
