364.037 481.512
361.896 533.578
423.709 553.192
485.197 564.703
538.583 548.641
584.578 524.106
579.617 476.196
320.205 661.633
385.592 645.198
457.922 633.916
494.201 638.657
526.255 626.762
578.028 627.839
625.294 634.098
600.562 677.265
563.687 718.557
518.485 736.091
453.72 738.106
401.052 724.326
357.273 699.382
349.698 663.635
411.031 665.159
481.152 668.445
547.118 660.439
596.809 643.72
547.018 657.085
484.274 665.609
408.78 666.793
558.666 323
590.848 302.854
614.095 285.326
642.243 281.318
666.479 282.874
691.448 288.865
676.331 310.841
649.13 322.327
623.135 326.201
593.93 324.861
367.366 338.853
331.655 321.886
304.258 307.618
272.936 309.53
245.662 315.923
214.386 325.016
237.125 345.109
269.529 353.13
297.293 353.53
326.84 347.23
560.358 222.287
609.885 179.748
689.268 152.632
751.864 187.144
701.052 183.558
629.838 214.929
393.672 226.046
317.49 190.439
216.286 181.312
135.824 226.282
212.946 216.708
306.964 236.018
