181.894 248.99
179.558 274.689
205.184 288.216
233.359 292.348
260.438 287.877
285.289 274.532
283.83 248.777
161.777 362.871
182.003 345.852
214.024 332.814
233.546 335.908
252.44 332.295
284.569 344.68
310.571 360.501
294.68 375.06
275.773 389.029
254.448 395.767
221.642 395.981
196.927 389.271
177.149 379.211
185.832 361.069
208.127 352.102
233.86 352.671
260.737 354.82
285.89 361.057
258.171 362.261
234.748 363.276
207.083 362.457
285.051 155.466
304.246 138.985
324.938 126.392
348.467 126.56
366.866 134.099
384.707 145.602
369.607 156.622
350.377 162.026
330.031 162.59
308.233 159.707
178.781 159.505
160.204 144.306
140.176 131.38
116.744 130.625
98.0968 137.216
78.1806 148.5
93.185 161.825
114.627 167.824
133.544 168.094
153.396 164.466
280.272 99.405
315.027 72.335
381.302 65.6041
423.721 96.6037
385.627 85.1679
325.93 93.5108
178.317 104.616
141.88 78.2456
79.2 72.1855
40.79 96.6878
74.6501 92.5637
132.899 100.999
