87.7483 138.348
86.9238 150.257
97.3128 156.616
109.709 160.494
122.236 157.043
132.681 150.804
132.269 138.93
79.2601 174.816
90.8437 176.348
101.266 177.139
109.17 178.744
117.199 176.938
130.669 176.512
144.212 175.842
135.184 182.824
125.396 187.393
116.358 188.038
104.945 186.786
96.2763 183.287
88.3369 179.935
89.0276 176.934
98.984 178.747
110.254 181.188
123.42 180.376
135.57 178.108
123.569 179.973
111.671 180.382
99.0005 179.276
131.82 95.0198
138.999 87.0975
147.133 80.47
158.011 79.0443
166.962 81.0587
175.891 85.8184
169.65 91.7478
160.851 95.0558
151.969 95.8754
142.563 95.1344
88.9713 94.8028
81.2607 86.7303
72.8037 80.4919
62.671 79.5519
54.2644 81.7215
45.571 86.2353
52.3687 92.0552
60.9937 95.0561
69.0811 95.8565
77.6224 95.0336
128.947 74.6794
144.478 65.9351
168.888 61.0801
186.957 68.0833
170.927 69.3555
147.494 74.6276
90.664 74.1088
73.7037 65.1301
48.2626 61.1752
29.3887 69.0214
46.3914 70.0641
70.8611 74.57
