112.582 190.481
109.327 211.693
127.322 222.866
148.861 228.232
169.452 223.773
185.988 213.133
184.585 192.881
89.5667 263.85
112.182 260.233
133.472 257.682
146.576 259.285
158.891 257.639
177.723 259.777
199.552 262.341
192.033 276.155
177.008 287.818
159.127 292.414
137.011 292.187
117.224 286.905
101.892 278.429
103.233 264.276
125.069 265.119
144.625 267.817
165.321 266.63
189.319 263.952
166.71 265.991
146.029 267.724
122.736 266.278
185.948 120.922
197.433 107.809
210.071 96.4432
227.705 93.7859
241.974 97.1864
254.379 104.848
248.148 118.145
233.749 125.49
218.485 127.095
202.498 124.59
116.974 119.426
104.252 105.777
90.1714 94.2953
72.0647 92.7425
57.3278 96.9569
43.9434 104.46
51.1689 117.131
65.6224 124.341
81.252 126.241
97.8265 123.564
190.361 62.901
216.232 45.7759
254.731 39.1295
280.67 58.3798
259.469 54.7392
225.056 62.039
133.617 64.0191
103.383 48.0869
60.0539 42.8507
27.1869 61.5063
56.8299 58.5182
97.2077 66.314
