67.2725 91.02
66.428 102.01
74.5362 108.323
84.7545 111.999
95.8921 109.618
105.994 104.668
106.824 93.4353
57.9666 130.156
66.2294 120.69
77.845 118.847
85.4866 121.056
93.7905 120.014
108.42 125.379
116.884 137.978
108.436 138.903
98.7063 140.087
89.1218 138.876
78.3968 137.27
70.1602 135.531
63.0908 133.448
63.9734 128.064
73.4896 125.67
84.8306 127.889
98.6928 129.431
110.951 134.766
98.2122 129.465
84.9404 127.679
72.2859 126.332
109.498 62.4834
115.794 57.96
122.686 54.7103
130.17 55.142
136.254 57.0222
143.361 60.2889
137.335 62.6468
130.762 63.511
124.619 63.4232
117.775 62.8704
73.4719 60.224
67.8262 54.8983
60.5241 50.9762
52.9913 50.2061
46.415 50.7565
38.0892 52.8264
44.4282 56.8871
51.6358 58.8163
57.8184 59.657
64.5742 59.8937
104.292 50.7505
118.791 45.0962
139.578 44.1098
155.751 49.8772
141.343 50.1754
121.304 51.5013
75.1654 50.5184
63.8134 43.6957
46.5046 38.8073
29.9889 39.9529
42.4196 44.9826
59.3667 49.1411
