109.666 137.512
107.481 154.421
122.552 164.135
138.957 168.822
155.626 164.771
170.085 156.561
168.785 139.699
86.9627 200.376
102.767 189.041
121.108 183.553
133.626 186.024
147.154 183.642
169.365 189.145
188.458 200.955
173.02 210.33
158.723 219.846
143.239 225.977
122.262 227.704
106.123 224.126
94.598 215.696
93.4753 201.35
115.844 197.057
136.236 198.046
159.168 197.169
182.299 201.466
158.365 207.794
135.78 211.667
113.378 211.499
166.486 82.5347
178.674 73.3335
190.941 66.7824
203.226 67.7436
213.264 72.7625
223.149 80.3454
213.001 85.0673
201.726 86.4712
191.202 85.9655
179.798 84.3194
109.483 81.9406
96.298 74.1641
84.8501 67.9506
72.268 68.5208
61.6528 73.0078
51.4107 79.8364
61.4119 85.2985
73.9087 86.8093
83.9801 86.1367
94.6355 84.1438
163.243 52.9599
186.393 36.6825
224.511 32.6467
249.767 52.5878
227.492 44.1856
192.39 50.3575
111.39 55.0903
93.4251 40.7226
62.8147 37.2422
39.1649 50.6484
60.402 47.1462
88.5204 53.2242
