82.3224 118.663
82.962 132.121
97.8344 140.444
114.703 146.465
128.607 139.976
137.915 130.344
136.791 117.475
54.6524 152.818
76.799 152.798
98.8708 153.058
110.297 153.249
120.122 151.128
133.815 147.351
149.137 145.393
141.589 163.164
131.058 178.084
116.806 185.051
96.6544 185.379
79.9511 179.097
66.4905 169.086
61.3004 154.57
87.2123 157.206
107.903 159.415
125.004 156.198
142.149 149.806
126.9 169.665
108.934 175.505
85.2428 172.698
122.67 77.8542
131.02 72.0346
138.993 67.1454
147.316 67.0357
153.751 69.342
160.872 73.6254
153.554 76.3524
145.825 77.0835
139.254 77.4339
131.859 77.8074
85.7461 80.8148
76.3047 75.6956
69.1963 70.7343
60.5148 71.3479
53.0294 74.0936
44.6426 78.4803
52.0397 81.6465
60.9157 82.2035
67.5303 82.1014
74.7109 81.6354
129.202 56.8847
140.453 47.3096
159.618 42.0622
175.358 49.1418
161.486 48.1669
144.525 55.0871
87.8968 57.7441
69.1327 49.5914
43.3904 51.3695
24.1035 62.8251
42.581 59.1809
66.5773 59.7906
