250.01 335.887
245.354 371.135
277.374 389.094
313.233 395.831
347.932 387.455
377.82 368.469
372.502 333.026
227.214 480.546
257.12 456.159
287.839 443.51
310.313 447.645
332.14 441.199
369.805 451.988
398.241 474.867
380.358 486.696
357.48 499.492
334.205 502.812
302.827 502.891
276.518 499.395
253.105 494.568
247.736 475.208
277.808 462.45
310.821 463.867
347.908 464.24
377.313 469.491
345.895 465.813
312.835 466.83
277.435 467.147
365.903 215.687
386.265 196.202
410.344 180.644
439.476 178.462
462.949 184.475
487.201 196.866
469.034 214.421
443.939 223.292
418.902 224.672
393.222 221.144
250.284 223.653
226.712 204.109
204.036 188.04
175.904 188.236
153.785 198.326
133.823 215.33
151.728 231.024
177.675 236.825
199.601 235.691
221.247 230.382
364.725 153.068
406.966 124.227
479.447 115.356
528.9 147.878
482.087 139.211
415.813 150.676
237.945 161.859
194.331 134.979
124.014 131.096
77.8452 164.217
119.236 157.043
184.613 163.144
