242.868 402.911
240.733 444.758
284.854 468.971
337.572 486.051
389.832 463.961
435.982 436.362
431.581 394.418
177.855 507.631
241.741 511.784
305.747 514.632
344.292 517.684
381.368 509.507
451.536 499.387
520.689 490.904
483.23 550.616
443.803 607.377
392.622 640.031
318.898 644.201
260.351 618.753
217.732 571.409
203.207 519.915
272.709 527.744
340.924 535.074
415.996 523.95
497.878 504.876
427.047 571.843
347.331 595.172
265.043 580.363
405.723 255.203
435.825 233.844
461.419 217.491
488.785 217.266
512.355 223.951
537.067 236.543
513.369 245.071
488.042 248.715
466.26 250.888
440.862 252.194
255.146 262.662
225.411 245.175
200.409 231.83
174.541 234.134
152.946 241.454
128.216 253.832
152.376 262.724
179.217 265.112
198.762 264.787
221.141 263.006
375.082 210.701
432.161 174.251
528.208 159.514
601.94 199.401
538.793 200.784
451.75 213.577
269.445 219.481
205.812 191.21
115.598 186.854
56.7956 225.775
113.119 228.474
196.886 232.79
