96.6773 115.814
95.9933 131.294
108.835 138.949
123.801 143.195
139.293 139.226
153.452 132.362
152.434 116.24
87.1566 168.68
98.5863 160.296
113.939 156.918
125.104 158.925
135.839 156.375
152.074 159.332
163.706 167.114
156.776 176.289
145.802 185.449
134.464 189.17
119.455 189.722
106.206 186.887
95.0335 179.574
94.3246 168.146
108.987 167.642
125.545 168.951
143.184 167.485
155.274 167.231
142.787 167.277
125.265 169.308
106.967 168.514
151.574 75.7361
162.167 69.7773
172.821 65.7942
183.897 66.6544
193.077 69.121
203.695 72.7959
194.269 76.7571
183.95 78.1664
174.504 78.1289
164.036 76.9281
104.114 72.0917
96.1494 65.714
87.6018 60.7192
78.6943 60.1257
70.7593 61.2936
61.4121 64.1245
68.3311 68.7003
76.9037 70.9304
84.0868 71.7449
92.3486 71.698
143.409 47.711
162.975 38.1831
191.709 34.6481
216.147 45.8502
194.447 44.2445
167.429 49.4245
108.657 47.2445
93.4195 36.0969
69.905 29.2851
48.9281 36.2406
65.168 38.7948
87.3237 46.1644
