147.442 240.655
143.202 266.022
168.378 276.494
193.786 280.066
218.034 277.39
240.866 268.581
237.081 243.72
122.682 332.887
146.405 321.781
178.353 313.901
197.291 317.565
215.972 314.802
243.441 324.159
263.125 334.445
244.038 351.823
224.751 364.708
205.297 368.887
177.783 367.454
158.143 360.144
142.647 350.31
134.066 336.312
164.438 333.818
192.982 335.271
222.989 336.029
251.289 335.551
221.988 337.474
193.681 337.664
162.886 337.114
232.84 169.997
247.927 159.648
264.558 151.605
283.465 152.824
298.27 158.972
313.435 168.559
298.93 176.723
281.198 179.334
265.789 178.414
249.755 175.2
155.979 168.271
141.413 156.069
124.731 146.067
106.054 145.862
90.2462 151.06
73.2238 159.549
87.1207 168.758
104.558 172.844
119.169 173.572
135.088 171.742
231.861 113.976
264.131 94.7312
317.568 95.3873
350.822 125.657
320.397 115.686
273.01 117.284
157.149 110.942
125.206 90.8068
75.4753 89.693
40.9508 113.509
72.7256 109.941
117.445 113.409
