112.621 135.887
111.309 159.589
132.55 168.394
155.983 172.124
177.754 165.608
194.518 153.805
191.317 131.397
91.981 248.06
108.583 221.252
138.788 207.761
154.58 207.654
168.618 203.086
191.999 209.642
203.11 233.189
195.351 250.897
184.958 267.909
169.593 278.382
146.46 282.048
124.054 278.953
105.988 269.187
106.088 243.197
125.689 219.191
150.538 215.473
172.176 214.043
187.794 231.094
170.765 246.939
152.638 255.476
128.216 256.798
194.218 75.3029
209.175 71.1498
221.316 67.556
233.081 68.8235
242.666 70.0314
254.977 72.0898
242.877 72.0319
231.25 70.7135
221.1 70.2325
209.451 71.2509
113.906 79.2266
96.3138 76.9626
84.3496 75.32
72.5325 79.8188
62.9795 83.6384
51.5218 86.9394
64.3429 85.5778
77.3124 82.4983
86.5932 80.2643
97.1406 78.9289
179.106 45.603
206.944 31.3225
245.928 26.0437
274.05 43.5488
249.284 41.5566
214.385 46.4614
131.614 44.9921
99.2724 31.8795
56.314 31.0472
23.0036 52.2229
52.0025 49.0064
91.2752 49.7738
