96.2808 158.091
97.1909 172.121
112.029 176.601
127.058 179.465
140.562 173.862
152.238 166.728
150.395 153.155
75.4585 203.311
95.0435 198.467
114.6 196.545
126.907 197.305
138.324 193.926
156.487 191.932
177.256 191.75
166.973 206.215
154.144 218.44
139.204 224.614
119.544 226.082
102.668 222.519
88.1341 214.984
80.8367 204.39
105.499 203.18
127.279 204.228
148.187 200.554
171.457 194.86
151.296 209.172
129.538 214.863
104.506 214.113
140.813 113.082
147.833 104.661
156.676 98.2883
165.941 97.4939
173.986 100.501
182.352 106.604
174.629 109.437
166.522 110.673
159.222 111.351
151.077 111.899
97.2163 118.909
88.4962 111.783
80.179 106.046
70.7129 106.268
62.2187 109.963
53.7283 116.413
61.5105 118.957
70.4104 119.454
77.6187 119.289
85.4922 118.74
135.865 91.0238
149.196 79.7247
170.985 74.6932
189.445 85.4419
173.775 82.7163
154.413 89.0045
102.146 95.2593
84.7967 85.9751
59.7068 86.1137
40.2892 99.6814
57.775 95.4293
80.4017 97.0509
