463.952 872.355
457.336 954.73
536.752 987.545
619.922 995.885
706.795 977.63
791.123 937.002
773.606 854.311
400.042 1200.87
474.199 1168.67
558.342 1142.73
621.063 1149.97
684.288 1133.35
790.345 1146.59
886.335 1170.05
830.375 1221.14
764.241 1264.87
696.494 1286.8
595.475 1294.17
519.24 1283.5
455.979 1257.34
455.139 1210.84
534.084 1211.65
619.231 1212.36
723.931 1203.09
828.965 1181.06
726.402 1199.69
630.061 1211.25
535.713 1218.69
775.393 585.379
832.507 552.04
879.151 522.635
935.284 524.233
979.432 540.731
1027.61 565.342
983.545 580.538
933.057 585.129
890.415 585.288
841.64 583.086
481.685 592.352
426.657 560.51
381.285 532.818
330.326 535.526
289.059 551.808
244.134 575.505
286.028 592.037
334.776 596.52
371.876 595.797
413.835 592.062
749.814 414.519
873.931 347.611
1066.34 343.854
1182.82 439.077
1062.84 394.285
888.685 413.37
466.625 424.265
360.497 363.742
193.225 363.878
90.8059 456.177
191.778 416.447
342.784 426.767
