109.355 162.974
107.257 179.833
122.015 184.945
137.161 186.371
151.143 185.007
164.374 179.865
162.569 163.559
87.0936 231.531
104.633 215.051
124.152 205.277
137.21 207.622
149.901 204.475
169.733 213.426
184.999 230.44
175.691 240.095
162.49 248.63
147.272 251.737
127.199 251.662
110.796 248.317
97.9539 242.58
99.7331 230.093
116.256 225.414
134.642 225.385
154.323 225.825
173.012 229.326
154.99 225.658
137.217 225.298
117.219 226.588
164.858 111.424
178.147 103.336
191.031 97.126
203.666 98.3975
214.019 104.076
222.795 112.026
213.188 116.47
201.243 117.489
190.232 116.459
178.577 114.141
105.091 109.357
91.5808 101.346
79.4296 94.6048
66.5002 95.5099
55.2356 100.644
44.8432 107.847
54.8673 112.978
67.85 114.292
78.6084 113.656
89.8594 111.638
161.668 74.8905
182.638 59.4973
216.58 58.2171
239.314 81.7349
219.088 69.088
190.548 73.0289
111.834 72.0616
86.3822 56.7083
49.5996 57.4149
25.1573 81.8854
47.8042 69.4274
79.5557 71.628
