154.411 197.341
153.561 217.133
173.891 227.168
194.461 232.27
211.341 227.327
221.39 214.175
218.365 196.251
112.105 265.139
146.344 263.094
171.68 257.24
183.298 259.453
193.27 255.701
200.773 258.105
209.055 261.171
198.67 273.55
189.507 286.377
177.609 293.3
157.531 293.539
142.287 287.778
128.201 280.264
124.698 267.606
154.478 267.084
175.259 267.791
187.567 266.873
198.735 265.545
187.063 266.136
174.525 269.407
152.351 269.72
204.112 128.258
211.742 113.669
223.948 102.292
238.111 100.504
248.914 106.19
257.67 118.162
250.883 128.558
239.622 133.152
228.232 133.414
216.958 131.323
152.289 127.495
142.492 111.846
129.493 99.608
112.722 98.0169
98.7418 103.311
84.2375 113.324
94.4563 124.193
107.809 130.258
120.964 132.131
134.35 130.386
219.174 101.97
234.294 88.5217
257.71 77.6655
272.759 81.5775
258.418 84.2242
236.138 96.2687
171.608 95.7952
147.639 77.2509
106.172 68.9624
70.753 77.7607
100.581 78.7835
140.947 89.0898
