96.5544 190.044
90.5262 211.948
111.071 224.438
133.331 230.401
157.636 231.334
182.945 226.613
184.075 203.397
67.2259 268.653
91.5954 262.368
113.585 258.566
130.018 264.201
148.117 263.449
172.543 275.408
196.808 288.28
177.063 301.3
156.066 310.469
135.484 312.955
108.922 310.489
89.6531 302.996
75.6014 289.933
81.6361 273.637
104.983 277.412
126.014 281.67
152.047 285.085
179.546 288.601
150.663 284.767
124.791 281.465
101.546 278.725
193.533 131.737
209.642 119.811
226.409 111.708
245.415 114.135
259.757 122.644
272.591 134.662
257.652 141.123
241.274 142.507
226.062 140.621
210.845 136.368
110.289 119.561
98.4163 103.99
84.8272 91.0571
66.8161 87.5383
51.2736 90.9412
36.0759 98.8534
45.6369 109.981
60.2327 116.286
74.209 118.997
89.5935 119.091
184.231 83.7792
220.71 64.3657
277.866 59.7802
313.801 87.3826
276.775 74.4588
223.387 83.6248
119.685 79.7326
96.0799 54.7502
54.0863 39.3039
24.2237 49.2631
49.863 51.8913
89.2562 70.1407
