58.2054 83.0038
58.0222 91.6484
66.6243 95.5974
76.1635 97.6263
84.9804 94.3227
92.7315 89.2219
91.6205 80.6348
53.5123 109.896
63.903 109.77
72.2256 108.825
78.2478 109.234
83.565 107.453
90.7514 106.768
99.6101 105.328
94.4559 111.979
88.577 117.147
82.6027 119.456
74.0755 119.853
66.8193 118.125
60.0854 114.923
59.3372 111.076
68.9121 111.855
77.8328 112.485
86.853 110.653
94.3313 107.717
86.999 110.388
78.2933 112.249
68.1876 112.296
89.1306 51.9653
93.3526 46.3289
99.0051 42.4422
105.165 42.0305
110.147 43.6678
115.649 46.8017
111.43 49.9887
106.535 51.909
101.484 52.598
95.7636 52.2968
55.1176 54.6328
50.2154 50.3063
45.1604 47.1239
39.4184 47.2352
34.7159 48.9212
29.5789 51.9244
33.6636 55.4279
39.2944 56.8688
43.836 56.7655
48.5205 55.6962
83.398 36.6772
93.7184 29.7431
110.858 25.9883
124.452 31.0923
113.146 31.5026
96.8093 35.4962
55.6337 38.3008
43.7011 33.1334
26.6911 31.9977
14.3251 38.639
25.6871 38.0054
42.3325 39.5534
