130.913 180.62
128.866 198.399
146.353 205.641
164.794 210.236
182.987 205.23
200.502 197.193
197.655 179.644
93.4692 256.889
117.399 239.338
148.84 234.257
166.482 235.602
183.352 232.765
208.969 235.925
227.933 253.113
217.211 282.552
198.006 303.983
174.073 312.036
147.088 312.423
122.616 304.611
103.948 286.989
100.101 258.806
130.253 244.246
161.426 245.14
193.205 242.97
219.617 254.645
195.336 288.637
161.839 296.236
125.979 290.488
200.313 126.496
212.684 114.003
226.592 105.914
239.474 107.094
249.681 113.029
258.621 122.704
249.701 128.995
238.664 131.899
227.461 132.021
214.564 129.804
133.393 122.736
121.232 112.141
109.589 103.751
97.0245 103.637
86.2209 107.639
75.6589 114.857
84.8551 120.811
96.9021 123.424
106.797 124.196
117.588 123.647
192.804 91.9591
214.131 81.5387
247.698 83.6005
272.848 102.301
252.245 97.7304
222.718 97.1836
146.298 89.2966
123.452 79.1339
89.4463 79.8785
61.7583 95.699
87.0444 92.9106
118.494 95.0573
