87.5825 86.3257
87.2976 99.6925
98.5862 102.869
109.961 102.652
120.536 99.2345
129.823 92.7137
126.234 80.4484
88.9474 143.397
89.9659 122.106
100.885 108.628
109.806 108.298
119.048 105.611
135.739 115.142
145.486 134.52
141.105 143.422
133.558 151.633
124.124 155.784
111.392 157.668
100.56 156.537
92.3796 152.065
97.9836 139.286
102.584 123.743
112.763 120.514
125.169 121.705
137.313 132.642
126.78 137.183
115.744 139.493
103.979 140.867
125.498 47.1079
132.395 43.4764
138.603 40.3883
144.955 40.622
150.497 41.7009
157.071 43.3051
151.603 44.9682
145.196 45.5494
139.759 45.8628
133.27 46.3606
78.054 53.5753
67.8277 50.5775
57.9023 49.9746
49.9851 54.0676
44.2524 59.0635
38.2096 63.9135
47.5626 63.7494
56.1324 61.7019
62.3752 59.4317
69.1433 56.859
118.603 26.5007
132.96 16.3102
154.718 12.2379
171.953 22.804
157.072 18.9976
137.156 24.3792
91.0648 31.4327
73.4865 25.9674
50.8526 28.6836
33.6916 42.3304
50.5129 36.8836
70.957 36.3792
