86.2779 99.1793
86.2786 114.345
99.4929 119.774
113.678 124.536
128.316 122.02
143.352 118.368
146.404 103.016
70.4066 158.837
85.2985 145.462
103.161 138.844
115.269 140.855
126.851 139.468
145.671 147.389
163.066 159.786
153.695 176.317
141.567 188.931
127.43 193.541
109.379 192.348
94.2548 185.167
82.3353 174.223
76.5877 158.665
95.0409 148.907
113.894 150.893
135.439 152.825
157.377 160.237
136.201 175.578
115.44 176.398
94.4813 171.301
144.212 62.3742
155.435 61.8914
164.642 62.0649
172.87 64.5141
179.668 65.8885
189.095 66.4437
179.56 65.8654
170.416 64.1659
163.334 62.9503
154.843 62.3816
88.4183 59.616
75.5981 59.0962
67.0712 58.9629
59.2466 61.3778
52.1123 62.2039
42.9101 61.7141
51.8195 62.4393
61.3635 61.1788
68.486 60.3021
76.802 59.6632
138.429 27.5189
155.494 17.639
179.928 17.1229
201.121 31.2268
182.605 25.6492
160.91 29.0338
96.5426 26.3171
77.0526 15.612
49.5587 15.7991
26.1116 31.7869
46.7155 25.0993
71.6618 28.1693
