316.429 397.956
311.729 449.548
348.965 474.813
392.996 488.843
439.233 475.695
481.916 452.749
479.947 400.495
275.937 564.183
316.259 549.834
361.906 541.533
392.05 548.052
423.959 541.863
476.269 550.312
542.593 562.903
501.918 598.065
462.033 629.015
419.708 646.44
362.967 650.052
318.816 637.546
287.428 608.663
301.654 569.404
345.929 561.802
393.015 567.044
447.311 565.649
515.466 570.561
444.954 585.006
391.738 591.08
338.742 588.881
490.394 238.166
521.924 210.592
555.059 190.527
590.575 190.087
620.38 200.901
649.389 218.131
621.628 229.688
591.008 235.199
561.567 236.386
529.725 235.508
313.199 236.618
279.634 213.495
248.407 197.172
216.292 198.962
189.592 209.208
163.22 223.64
190.52 233.401
221.444 236.175
246.829 235.586
274.588 233.824
476.584 158.943
533.813 116.387
630.673 96.9739
707.637 140.267
646.82 132.882
558.681 150.69
312.21 164.224
254.019 126.771
166.24 113.131
102.738 152.923
154.888 149.135
234.058 162.407
