195.614 289.777
191.25 321.089
218.751 341.769
251.048 352.931
282.189 345.097
309.128 326.888
308.044 295.865
134.613 439.906
171.594 398.353
220.303 385.84
250.008 389.403
278.888 387.005
325.152 403.876
351.755 451.01
337.968 509.954
310.288 556.395
268.044 577.948
211.51 575.074
167.755 547.425
143.81 501.789
148.258 444.87
194.051 405.392
246.523 407.829
302.271 410.916
339.951 453.672
301.976 529.92
246.194 548.083
186.745 529.105
309.939 197.932
333.372 180.48
358.072 167.539
383.308 171.276
401.402 183.44
416.042 200.54
399.999 212.78
377.947 217.032
355.952 215.698
332.14 209.965
202.375 192.289
181.376 172.955
158.692 156.56
133.766 156.491
113.712 165.424
95.5783 179.885
109.981 196.086
133.292 203.568
154.319 204.96
176.636 201.558
320.16 110.754
360.053 88.7399
421.061 98.4065
453.71 140.771
418.149 120.474
369.023 117.581
199.454 101.181
156.162 75.0542
90.5693 81.3691
50.9176 124.903
90.3618 105.373
146.477 105.459
