131.442 342.689
136.317 382.034
171.707 398.357
215.093 403.162
257.486 382.398
290.898 355.171
281.874 315.681
142.254 494.951
181.676 459.1
225.621 431.43
250.813 426.809
268.622 410.203
309.386 403.88
340.219 431.731
336.77 478.252
324.245 523.679
294.548 555.25
243.375 568.628
198.954 557.752
169.524 533.429
166.824 493.625
210.334 465.856
252.938 451.673
292.087 433.058
321.812 440.449
298.079 490.065
262.468 515.965
215.512 520.679
255.23 207.363
275.618 184.527
299.271 166.663
326.356 163.007
349.131 167.324
372.078 178.218
355.233 195.323
331.57 204.522
307.98 208.032
283.266 207.469
130.054 222.128
104.604 199.657
80.34 181.075
48.5682 179.888
22.2695 189.306
1.26058 206.488
15.331 225.115
42.4064 234.458
68.4376 234.954
95.757 229.279
231.069 151.196
277.874 109.505
357.205 80.2014
423.474 110.54
375.607 112.503
304.922 135.405
133.916 161.854
89.1405 129.007
22.6587 110.592
-21.588 141.217
11.4205 142.654
71.2275 156.204
