62.1578 73.2841
61.0056 82.5759
68.7123 87.5183
77.45 90.058
86.6526 88.9121
94.8294 85.6782
95.2056 76.3662
55.1351 102.843
62.5073 96.1877
70.9639 94.3463
76.6875 96.6624
84.0657 97.1861
98.8823 104.276
115.934 112.884
105.806 114.822
96.3154 114.48
87.7148 112.066
77.9098 109.621
70.2854 107.637
63.0262 106.331
62.6129 102.03
69.4293 99.0314
77.731 102.185
89.9902 106.01
107.696 110.467
90.9444 106.205
79.1195 102.203
69.3802 100.987
93.033 43.3758
99.6177 38.4612
106.177 34.7064
113.267 35.1648
118.896 37.653
124.685 41.3705
119.784 45.2802
113.454 47.0259
107.144 46.9563
100.405 45.6749
62.4528 43.9154
55.413 39.9517
48.0619 37.4939
41.507 38.7388
36.4426 41.5115
30.6333 45.0929
36.5306 48.6596
43.1707 49.5807
48.8404 48.9327
54.9808 46.9424
87.4797 23.2357
101.413 15.5185
122.962 15.4522
137.789 27.273
123.804 21.1825
103.167 23.2004
62.9346 24.987
50.4204 17.3894
32.011 17.533
18.5002 26.1494
30.0266 23.4668
47.1528 24.9671
