68.9467 121.958
66.998 136.964
81.6442 143.745
96.5927 148.889
112.829 151.224
131.407 151.02
137.343 135.899
41.3792 178.489
57.8437 163.761
78.7434 160.321
91.5398 164.107
106.857 166.482
135.782 181.789
153.985 208.114
137.452 221.795
119.394 229.736
98.0454 231.318
73.3259 226.133
55.1455 214.823
44.9593 200.117
48.0348 181.631
67.8509 169.925
88.4817 175.168
114.507 182.513
145.161 205.647
114.087 218.29
89.4707 213.614
67.8648 205.155
145.239 104.812
159.675 99.5477
172.708 95.8535
185.372 100.204
194.619 107.675
202.196 116.332
191.4 117.21
179.387 115.773
168.913 113.335
157.229 110.349
92.4355 97.2307
82.3377 89.1472
71.4805 81.9965
59.6779 81.8028
49.7763 85.4252
39.1651 91.4168
48.3449 95.9904
60.4679 97.4787
69.2452 98.4013
79.3177 98.9298
145.759 62.4677
170.587 54.3033
206.543 66.4981
226.358 97.0442
206.491 77.6427
175.494 67.8373
103.758 55.8719
81.7476 43.2624
48.3549 46.0814
24.0071 63.8085
44.7603 56.4564
74.652 55.9718
