178.039 245.774
167.448 267.711
184.269 285.731
206.182 300.515
231.537 303.419
255.38 300.694
261.692 277.519
142.399 312.242
157.834 305.737
177.078 311.724
188.508 320.915
203.536 323.627
225.566 337.2
244.437 357.367
228.086 359.723
211.453 363.22
195.608 359.973
177.302 352.205
163.185 341.188
152.829 328.878
155.005 314.46
169.556 317.429
185.777 330.124
209.508 339.595
230.43 351.163
206.642 339.987
185.596 330.873
168.442 321.126
287.261 205.19
303.063 195
320.871 188.993
338.945 193.747
351.954 202.72
364.894 214.714
349.878 220.945
332.836 221.879
317.578 218.229
302.719 212.158
201.268 180.523
189.746 165.798
176.823 152.704
160.856 147.373
145.45 146.79
127.451 150.158
137.51 161.507
151.736 168.76
165.092 173.617
180.256 176.382
287.584 166.159
327.086 158.436
376.004 162.416
408.271 190.692
374.815 180.622
329.116 178.189
222.096 148.712
196.261 125.021
154.687 105.068
111.255 109.118
142.848 121.391
182.264 140.8
