150.788 207.113
151.25 228.702
175.105 235.163
198.028 236.915
217.314 231.558
232.341 221.07
227.356 200.62
132.981 287.387
152.323 269.659
184.168 260.808
201.436 263.297
217.174 259.378
236.764 264.951
250.552 279.913
235.885 289.611
219.519 297.564
203.076 300.028
180.91 300.578
162.599 298.588
146.083 294.458
145.199 282.971
171.379 274.47
197.784 274.904
221.028 273.471
242.17 277.741
219.838 274.221
197.216 275.481
168.022 277.624
210.115 134.946
221.041 120.401
233.987 108.689
249.029 107.753
261.175 115.038
271.374 127.94
263.174 134
251.763 136.601
239.851 137.18
226.22 136.311
143.338 138.92
128.983 123.477
113.011 111.482
94.5814 112.327
79.2671 121.407
64.9309 135.159
78.9676 139.78
94.2146 141.586
108.114 141.528
123.357 140.012
200.692 84.2434
220.145 66.4648
255.999 64.3425
279.636 86.1286
259.282 78.6848
226.979 83.9177
152.97 80.598
119.25 63.032
69.9086 68.3654
38.7638 100.471
70.7585 85.1478
115.579 84.5488
