92.6514 96.2069
92.8287 108.913
105.402 110.484
116.873 110.322
126.099 108.242
133.908 103.604
130.812 91.4432
86.5649 150.639
96.7183 137.679
109.523 128.949
116.22 129.763
122.02 126.945
130.629 132.962
132.545 144.972
129.403 158.01
124.786 170.92
116.694 178.347
103.295 178.618
94.3804 171.532
89.8275 161.835
92.6282 151.296
103.689 139.441
114.242 137.619
123.142 137.776
129.635 145.542
121.703 160.139
113.781 166.035
102.257 164.09
124.658 57.7647
129.849 51.1861
137.524 47.1194
144.522 47.5094
150.131 50.0027
155.107 54.0152
150.051 57.227
144.209 58.8413
138.165 59.1835
131.486 58.5938
87.9342 62.3353
82.5009 56.4405
76.0001 52.4013
68.7355 53.122
62.6251 55.7347
56.4105 60.0374
61.4733 64.389
68.5741 66.1567
74.4072 65.9981
80.2728 64.4135
117.521 40.3175
128.613 31.2954
145.675 24.9281
161.374 31.4244
150.075 34.2607
135.459 39.9194
96.8424 41.5152
78.2117 34.5029
54.1506 34.0154
35.2116 45.2385
52.2173 44.5033
74.3011 45.5607
