484.037 628.97
488.594 716.502
555.52 737.414
624.026 731.619
690.843 709.385
760.426 665.307
744.82 578.261
443.309 1038.27
519.501 961.851
599.146 918.802
666.864 919.25
729.671 897.962
833.652 919.299
924.271 979.276
886.742 1095.71
822.597 1197.36
745.963 1252.47
632.351 1258.58
552.183 1212.06
497.382 1140.56
485.174 1049.49
592.188 979.369
684.045 972.587
789.54 961.479
898.863 1002.81
800.87 1132.23
695.586 1179.31
580.563 1159.68
727.121 323.323
780.153 258.124
840.014 203.943
909.622 202.921
966.721 234.852
1015.28 284.329
972.46 305.15
920.824 317.021
867.391 323.417
803.312 324.433
474.075 376.732
417.157 325.447
353.381 285.295
286.902 299.057
236.944 342.825
197.965 403.594
247.775 418.552
307.492 416.574
354.686 407.266
405.658 394.031
673.565 118.292
765.538 33.0037
939.51 32.4805
1065.05 130.204
955.282 80.8382
806.984 95.3728
444.724 162.782
345.424 113.693
190.628 151.895
101.636 267.129
187.981 207.36
322.625 182.457
