377.795 592.164
354.708 663.34
425.554 711.759
513.547 740.865
605.763 729.282
686.103 696.469
679.957 624.836
287.427 806.416
387.377 836.77
466.03 853.479
510.382 867.221
555.897 864.588
623.52 865.767
722.417 859.097
669.585 911.47
604.657 954.341
539.768 965.896
456.569 954.302
393.295 919.699
341.32 876.093
331.855 835.764
417.784 870.881
498.041 895.801
579.567 895.723
669.876 878.06
584.058 900.709
504.574 896.649
413.854 875.253
683.302 418.287
735.307 387.4
783.08 364.595
836.396 370.469
877.258 389.7
918.87 419.689
878.647 436.992
829.9 441.23
786.33 437.072
739.688 428.174
447.519 374.02
397.537 330.995
346.743 300.215
292.581 300.979
249.355 318.477
205.317 347.482
251.399 368.015
302.795 375.398
342.003 377.558
384.045 376.615
678.133 291.554
770.5 245.857
916.956 244.525
1009.62 308.767
929.36 299.209
795.97 302.069
467.529 262.001
394.754 198.745
262.61 175.105
160.873 218.915
235.197 229.886
356.284 250.325
