87.5222 111.599
89.9782 127.248
103.926 132.417
119.3 134.073
135.048 127.282
149.686 118.272
147.085 101.809
80.9403 158.429
94.1763 150.838
112.602 147.96
124.163 149.587
135.377 148.084
151.157 151.425
162.372 157.492
153.392 175.719
142.204 187.71
128.879 191.564
113.002 189.812
99.8927 182.578
90.4762 173.019
91.9089 160.513
105.92 158.48
121.325 161.022
137.909 160.196
155.079 159.335
137.963 168.722
122.581 172.218
104.995 168.762
135.414 58.1535
144.236 50.2829
152.883 43.9531
162.107 42.8169
170.237 43.6951
180.158 46.191
172.323 50.3395
164.019 52.8673
156.356 54.7608
147.424 56.0608
86.5599 68.4144
76.6233 63.4635
68.4921 59.8612
60.3536 61.6583
53.9809 64.9353
47.4121 69.6369
53.9321 72.814
62.1166 73.16
68.6895 71.9172
75.9698 69.9329
121.965 36.246
141.149 20.0929
173.957 12.2125
199.927 26.7677
179.158 25.7572
149.367 32.8609
86.2681 48.3184
72.0431 39.5275
50.339 38.3655
36.0903 50.9991
46.6956 51.0444
66.239 50.701
