129.731 144.58
131.644 163.301
149.452 169.734
167.617 169.877
186.368 162.383
202.363 151.084
196.752 132.705
124.026 211.622
140.285 202.28
160.311 198.101
175.832 199.642
191.507 198.296
214.836 203.298
239.557 211.573
227.066 231.86
211.56 250.355
192.865 260.466
169.117 261.944
148.447 254.485
133.618 238.636
133.984 213.972
155.179 208.563
176.33 211.487
201.284 211.04
230.288 212.919
203.281 231.905
178.231 238.909
153.037 234.223
184.983 80.9629
194.012 66.8436
204.199 53.0186
219.031 48.6699
231.564 51.0016
244.843 59.0691
237.043 68.5675
224.649 74.3806
213.284 77.5286
200.923 79.1661
124.857 91.0794
110.277 82.5295
97.9158 76.6061
85.2727 80.7598
76.4472 88.964
69.1513 99.4466
77.9974 103.587
89.1521 103.745
99.0386 101.426
110.314 96.9033
170.746 47.3645
192.785 25.8601
234.217 16.5435
262.832 34.6213
238.85 30.1011
199.847 40.6044
119.811 61.0202
98.5102 50.0958
65.8295 56.0498
48.0176 79.2814
65.1964 69.9375
93.6466 65.4605
