42.7278 153.954
43.1447 169.255
56.0954 176.991
71.9438 178.073
90.7554 175.329
111.246 168.537
112.559 152.802
55.9501 233.736
57.0382 213.053
71.6713 203.109
84.2241 203.457
97.4941 200.913
129.514 209.588
153.791 228.408
147.371 243.651
133.531 256.896
117.75 263.301
96.8835 263.998
80.4479 257.776
68.7655 248.901
65.2684 231.841
76.3822 212.357
93.2106 210.665
116.521 212.537
142.718 228.69
118.317 241.995
98.3515 244.191
80.0099 241.179
109.337 102.104
120.059 93.4954
130.051 86.6761
142.19 88.135
151.341 93.0059
161.812 100.244
151.672 102.443
141.074 102.989
132.449 103.071
122.579 103.007
73.2635 102.061
65.9285 95.4508
57.3903 89.8854
48.223 91.2881
42.0843 96.4886
36.7087 105.127
41.3609 109.283
48.8872 109.844
55.525 108.889
63.2381 106.767
91.4456 70.1561
113.933 55.5962
159.123 60.057
186.12 81.9778
160.349 76.3665
119.589 72.331
66.7947 70.3491
53.6673 60.4297
27.7507 66.7051
20.1574 85.2125
27.8504 82.9567
49.6305 76.3492
