50.8075 83.0853
48.5183 92.7967
57.3143 98.2893
66.93 101.334
77.3842 101.464
87.8642 98.9765
88.9826 89.0842
38.4279 120.863
47.2218 116.597
56.897 114.226
64.0679 115.776
71.5503 115.944
83.3639 121.235
94.2204 128.521
86.865 132.875
78.9773 136.207
69.7924 136.826
59.4913 135.448
51.1925 132.492
45.0664 128.521
45.0434 121.037
54.1536 120.771
64.0381 122.743
75.4157 124.508
87.2732 127.709
75.6498 126.914
64.5946 125.669
53.5122 123.359
93.9067 61.0514
100.253 57.9497
107.386 56.1503
114.26 57.9682
119.207 61.0144
125.219 64.9184
118.556 66.028
111.966 65.5512
106.529 64.357
100.814 62.8582
59.6042 55.1212
53.4904 50.829
48.0702 46.9699
41.5947 46.2757
35.9592 47.0828
29.6899 48.8847
34.1141 51.7473
40.0523 53.1133
45.0648 53.9915
51.0233 54.4815
91.8063 41.2257
106.23 36.242
127.275 38.6515
140.259 48.6831
126.606 43.7243
107.154 43.3507
66.2431 36.5665
56.0406 27.6114
37.5934 23.9429
22.4245 28.9947
34.3684 29.0101
51.6506 33.8064
