108.197 162.563
113.094 181.967
133.647 187.306
156.271 188.211
178.672 176.285
198.553 161.715
193.079 142.001
114.483 234.596
128.984 221.452
151.631 215.274
167.605 213.502
181.78 207.5
209.522 201.737
234.527 202.567
222.376 224.38
207.258 241.384
190.189 250.84
168.216 255.528
147.997 253.571
130.826 246.39
124.247 232.21
147.546 221.873
170.772 219.405
196.412 212.087
226.585 206.315
198.343 228.256
173.742 237.759
146.957 239.911
172.212 91.0376
181.271 83.1355
189.402 76.6185
199.122 74.4648
207.555 73.6252
219.334 74.7435
211.24 79.0661
202.908 82.1948
194.708 85.2009
184.443 87.972
104.807 110.87
92.895 109.101
84.1821 108.727
76.4348 112.858
70.9102 116.667
62.7312 121.291
73.3422 119.553
82.437 116.177
87.5142 113.482
93.6684 111.727
143.224 57.0254
162.158 36.7041
199.816 28.6038
228.635 46.0195
205.473 51.5904
171.943 57.6153
104.463 74.2633
79.2476 66.3531
45.2549 76.6006
32.0438 105.046
47.8994 100.727
77.2688 89.6567
