60.7089 77.4142
60.4491 88.2449
69.7834 94.119
80.3085 98.5613
91.0378 95.2266
100.761 90.2206
101.947 79.5698
48.0652 112.063
63.2227 114.077
75.2146 114.422
82.6154 116.313
90.4338 114.728
102.973 115.5
116.989 115.137
107.633 127.952
98.0147 137.646
86.83 141.963
73.3121 141.051
62.9624 135.006
55.458 125.663
53.9395 115.855
67.9289 119.23
81.9982 122.078
96.6002 121.049
111.739 118.8
96.229 125.545
82.1992 128.361
67.0721 124.944
99.4487 44.0607
106.774 41.3505
113.864 39.694
120.456 40.6199
126.089 41.9446
132.979 44.0698
126.724 45.7607
120.088 46.1146
114.414 45.4648
107.97 44.4183
64.0989 40.8394
54.1532 40.6373
47.2258 40.9535
40.8882 42.6182
35.2363 42.8157
27.7932 42.1238
35.071 43.4346
42.6576 43.0837
48.3676 42.2201
54.9595 41.0388
93.5267 27.9817
107.007 19.7085
129.705 18.7746
145.17 31.4522
131.754 28.4571
110.957 28.8784
69.8265 26.5543
55.2204 18.0008
32.2282 17.9192
16.0278 29.6413
29.6818 28.3466
50.7145 27.9731
