196.646 167.919
192.561 191.758
213.959 199.92
236.287 202.487
257.037 203.624
276.124 198.261
274.555 175.185
174.035 278.59
191.475 256.017
216.512 237.97
230.617 239.479
244.59 238.377
268.887 256.98
283.759 286.155
273.828 306.442
258.496 326.551
238.009 336.023
211.001 334.115
192.175 320.552
181.531 303.108
191.253 278.551
209.4 259.342
228.942 258.016
249.517 262.391
265.524 283.267
249.643 300.363
229.779 303.39
207.847 298.062
273.765 98.5186
289.289 80.8712
307.767 69.5295
325.726 72.8127
338.983 83.4883
349.32 98.2279
338.473 108.153
324.096 112.786
308.049 111.859
290.911 106.674
198.708 94.4196
183.723 75.3995
164.754 61.9472
145.547 63.0229
129.956 71.5005
115.442 84.169
126.822 97.3776
143.075 104.408
160.116 105.353
178.542 101.215
270.255 53.5116
299.224 35.5344
345.931 35.1177
375.054 64.8891
349.325 53.0813
307.871 55.1636
208.971 49.5373
175.435 29.8493
126.234 28.2387
91.7549 52.5029
122.695 47.1258
167.588 50.9414
